1  1
2  1.273800591
3  1.576883556
4  1.799067115
5  2.008020767
6  2.198150288
7  2.371090533
8  2.531768071
9  2.682977331
10  2.824487785
11  2.95993998
12  3.088447333
13  3.209502226
14  3.330210299
15  3.446061919
16  3.559945292
17  3.670780346
18  3.774416947
19  3.875101914
20  3.974247703
21  4.072051312
22  4.163069183
23  4.256060833
24  4.348913275
25  4.438459318
26  4.524085544
27  4.611244294
28  4.697873964
29  4.782872827
30  4.86556037
31  4.942758517
32  5.021736971
33  5.099274848
34  5.174007972
35  5.249078158
36  5.320646651
37  5.393505112
38  5.46579156
39  5.538098388
40  5.608435052
41  5.67570523
42  5.74351962
43  5.814403796
44  5.883448068
45  5.948113882
46  6.014294502
47  6.08265312
48  6.146336301
49  6.206940101
50  6.270314395
51  6.329997321
52  6.387822826
53  6.449961187
54  6.509118733
55  6.566649386
56  6.626524887
57  6.685110725
58  6.742435095
59  6.804744717
60  6.862429377
61  6.91944697
62  6.974396855
63  7.02726503
64  7.081971118
65  7.133318605
66  7.18973687
67  7.247565922
68  7.302907454
69  7.357527365
70  7.411338266
71  7.460942368
72  7.517004094
73  7.571627783
74  7.626310923
75  7.675925093
76  7.730924242
77  7.78256373
78  7.829820891
79  7.884895353
80  7.932740354
81  7.983832629
82  8.031727712
83  8.083278489
84  8.133020456
85  8.182853917
86  8.227146177
87  8.274590436
88  8.322061366
89  8.372766197
90  8.421457077
91  8.465469857
92  8.512233949
93  8.553302323
94  8.595893611
95  8.641874097
96  8.686521569
97  8.729130141
98  8.772301808
99  8.818449529
100  8.859759231
